10.00000	-43.62074
15.00000	-42.45473
20.00000	-29.31080
25.00000	-36.09843
30.00000	-31.37959
35.00000	-33.14824
40.00000	-16.18797
45.00000	-26.32178
50.00000	-31.16597
55.00000	-41.65471
60.00000	-25.81293
65.00000	-21.06133
70.00000	-22.57242
75.00000	-19.71284
80.00000	-8.59750
85.00000	-22.56222
90.00000	-28.38982
95.00000	-23.11480
100.00000	-24.14650
105.00000	-32.19135
110.00000	-34.40820
115.00000	-27.11929
120.00000	-20.59157
125.00000	-20.05396
130.00000	-19.25117
135.00000	-24.94326
140.00000	-18.60655
145.00000	-17.24585
150.00000	-9.56420
155.00000	-3.41738
160.00000	-5.29498
165.00000	-11.04741
170.00000	-11.97808
175.00000	-15.33150
180.00000	-19.15074
185.00000	-21.13949
190.00000	-23.62227
195.00000	-21.82988
200.00000	-24.00051
205.00000	-11.12955
210.00000	-24.61850
215.00000	-25.81964
220.00000	-25.03110
225.00000	-22.65068
230.00000	-17.06976
235.00000	-14.86829
240.00000	-9.58373
245.00000	-6.54941
250.00000	-9.10181
255.00000	-15.25860
260.00000	-19.07177
265.00000	-21.26613
270.00000	-22.15756
275.00000	-21.78966
280.00000	-20.29144
285.00000	-16.58950
290.00000	-15.82803
295.00000	-12.13996
300.00000	-9.79815
305.00000	-6.52257
310.00000	-4.24940
315.00000	-3.50234
320.00000	-3.45353
325.00000	-4.41461
330.00000	-6.15106
335.00000	-6.62837
340.00000	-7.63447
345.00000	-9.53513
350.00000	-12.02347
355.00000	-14.30582
360.00000	-15.84516
365.00000	-17.32627
370.00000	-16.42035
375.00000	-19.34882
380.00000	-20.04309
385.00000	-20.31724
390.00000	-20.07284
395.00000	-18.33812
400.00000	-16.97151
405.00000	-11.14324
410.00000	-4.57436
415.00000	-13.24393
420.00000	-17.79966
425.00000	-18.62625
430.00000	-18.32612
435.00000	-17.70482
440.00000	-16.59349
445.00000	-15.13809
450.00000	-13.20220
455.00000	-11.41742
460.00000	-9.11032
465.00000	-7.06849
470.00000	-5.65820
475.00000	-4.64428
480.00000	-3.82366
485.00000	-3.22858
490.00000	-3.46428
495.00000	-3.92922
500.00000	-3.92435
505.00000	-4.66945
510.00000	-5.97837
515.00000	-7.99789
520.00000	-10.09611
525.00000	-12.21322
530.00000	-14.27620
535.00000	-15.08131
540.00000	-17.57741
545.00000	-18.95362
550.00000	-19.94916
555.00000	-20.59531
560.00000	-20.43668
565.00000	-19.84700
570.00000	-13.44023
575.00000	-10.95137
580.00000	-19.70416
585.00000	-21.75559
590.00000	-22.04405
595.00000	-21.81903
600.00000	-21.44395
605.00000	-20.69556
610.00000	-19.65245
615.00000	-18.39609
620.00000	-16.89238
625.00000	-14.71631
630.00000	-12.21348
635.00000	-9.03806
640.00000	-6.39195
645.00000	-4.42987
650.00000	-3.17895
655.00000	-2.27743
660.00000	-2.65590
665.00000	-3.76377
670.00000	-5.55284
675.00000	-8.39314
680.00000	-12.29917
685.00000	-15.81900
690.00000	-18.47307
695.00000	-21.04858
700.00000	-22.35388
705.00000	-24.69812
710.00000	-26.19292
715.00000	-27.25613
720.00000	-27.90289
725.00000	-28.19350
730.00000	-27.38896
735.00000	-20.98990
740.00000	-16.11629
745.00000	-26.91038
750.00000	-28.81195
755.00000	-28.66885
760.00000	-28.96001
765.00000	-28.36978
770.00000	-27.38230
775.00000	-25.98192
780.00000	-23.97709
785.00000	-22.38002
790.00000	-19.89492
795.00000	-16.74940
800.00000	-12.65578
805.00000	-7.96935
810.00000	-4.59247
815.00000	-2.80175
820.00000	-2.60694
825.00000	-3.91197
830.00000	-6.37671
835.00000	-11.62605
840.00000	-16.69145
845.00000	-20.66817
850.00000	-23.89945
855.00000	-26.42232
860.00000	-28.51540
865.00000	-30.33986
870.00000	-32.19778
875.00000	-33.48510
880.00000	-34.32079
885.00000	-34.70933
890.00000	-34.85110
895.00000	-34.15497
900.00000	-28.17850
905.00000	-20.07883
910.00000	-32.50576
915.00000	-34.99351
920.00000	-34.56712
925.00000	-35.13173
930.00000	-34.41078
935.00000	-33.14695
940.00000	-31.74102
945.00000	-29.47270
950.00000	-27.77921
955.00000	-25.03253
960.00000	-21.53276
965.00000	-16.96791
970.00000	-10.70017
975.00000	-5.07422
980.00000	-2.65371
985.00000	-3.07463
990.00000	-6.34744
995.00000	-13.19676
1000.00000	-19.32957
1005.00000	-23.91166
1010.00000	-27.60732
1015.00000	-30.49832
1020.00000	-32.63752
1025.00000	-33.87947
1030.00000	-36.43875
1035.00000	-38.02923
1040.00000	-39.09859
1045.00000	-39.83535
1050.00000	-39.37344
1055.00000	-40.03627
1060.00000	-38.84001
1065.00000	-32.89719
1070.00000	-22.28069
1075.00000	-35.78839
1080.00000	-39.17358
1085.00000	-39.14387
1090.00000	-39.57946
1095.00000	-38.79776
1100.00000	-37.51347
1105.00000	-35.79645
1110.00000	-33.62785
1115.00000	-31.37769
1120.00000	-28.75309
1125.00000	-25.09040
1130.00000	-20.20267
1135.00000	-13.47390
1140.00000	-5.77242
1145.00000	-2.97800
1150.00000	-4.22344
1155.00000	-10.12077
1160.00000	-18.32675
1165.00000	-24.17321
1170.00000	-28.60136
1175.00000	-32.11583
1180.00000	-34.32486
1185.00000	-37.14718
1190.00000	-37.46006
1195.00000	-40.71620
1200.00000	-42.28390
1205.00000	-43.36010
1210.00000	-43.71120
1215.00000	-43.74345
1220.00000	-44.27119
1225.00000	-42.87184
1230.00000	-36.59982
1235.00000	-26.56469
1240.00000	-39.22984
1245.00000	-41.58070
1250.00000	-43.46073
1255.00000	-43.24324
1260.00000	-42.32735
1265.00000	-41.22380
1270.00000	-39.22846
1275.00000	-36.94181
1280.00000	-35.29549
1285.00000	-32.59565
1290.00000	-28.90929
1295.00000	-24.04872
1300.00000	-17.36162
1305.00000	-8.00883
1310.00000	-3.32563
1315.00000	-5.14357
1320.00000	-13.76219
1325.00000	-22.09197
1330.00000	-27.93026
1335.00000	-32.35353
1340.00000	-35.67317
1345.00000	-38.50842
1350.00000	-40.64939
1355.00000	-40.42731
1360.00000	-44.28620
1365.00000	-45.82979
1370.00000	-46.74323
1375.00000	-46.36835
1380.00000	-47.82318
1385.00000	-47.55269
1390.00000	-45.45611
1395.00000	-37.07957
1400.00000	-32.96737
1405.00000	-43.72146
1410.00000	-46.67843
1415.00000	-47.49568
1420.00000	-47.18052
1425.00000	-46.32768
1430.00000	-44.84227
1435.00000	-40.98820
1440.00000	-40.83704
1445.00000	-39.28380
1450.00000	-36.42080
1455.00000	-32.68208
1460.00000	-27.80131
1465.00000	-21.12376
1470.00000	-11.28218
1475.00000	-4.22617
1480.00000	-6.96437
1485.00000	-17.32506
1490.00000	-25.44313
1495.00000	-31.18839
1500.00000	-35.52455
1505.00000	-38.62841
1510.00000	-41.49955
1515.00000	-41.92698
1520.00000	-45.30296
1525.00000	-47.36269
1530.00000	-48.65079
1535.00000	-49.35918
1540.00000	-49.74683
1545.00000	-50.26546
1550.00000	-49.36446
1555.00000	-44.57349
1560.00000	-36.35743
1565.00000	-40.97700
1570.00000	-47.39764
1575.00000	-49.71666
1580.00000	-50.03378
1585.00000	-49.56002
1590.00000	-48.46185
1595.00000	-45.52210
1600.00000	-45.17388
1605.00000	-43.80973
1610.00000	-41.74202
1615.00000	-38.89503
1620.00000	-35.22249
1625.00000	-30.46400
1630.00000	-24.00190
1635.00000	-14.56436
1640.00000	-5.36188
1645.00000	-7.54884
1650.00000	-19.05825
1655.00000	-27.28493
1660.00000	-33.13284
1665.00000	-37.48057
1670.00000	-40.89915
1675.00000	-43.23137
1680.00000	-45.39034
1685.00000	-48.07094
1690.00000	-49.76327
1695.00000	-50.89986
1700.00000	-51.13977
1705.00000	-52.34544
1710.00000	-52.21121
1715.00000	-50.07141
1720.00000	-44.40301
1725.00000	-36.38321
1730.00000	-46.82551
1735.00000	-51.49425
1740.00000	-52.88148
1745.00000	-53.02721
1750.00000	-52.45101
1755.00000	-51.12738
1760.00000	-48.49297
1765.00000	-48.58962
1770.00000	-47.24005
1775.00000	-45.00625
1780.00000	-42.14048
1785.00000	-38.53398
1790.00000	-33.87078
1795.00000	-27.58015
1800.00000	-18.67358
1805.00000	-7.95203
1810.00000	-8.90474
1815.00000	-20.76047
1820.00000	-29.11537
1825.00000	-34.95730
1830.00000	-39.42810
1835.00000	-42.84961
1840.00000	-44.73139
1845.00000	-47.71262
1850.00000	-49.74328
1855.00000	-51.07519
1860.00000	-52.17187
1865.00000	-53.16927
1870.00000	-53.36671
1875.00000	-52.58393
1880.00000	-48.95794
1885.00000	-40.73604
1890.00000	-41.19408
1895.00000	-50.32421
1900.00000	-53.32572
1905.00000	-54.28476
1910.00000	-54.34656
1915.00000	-53.79035
1920.00000	-51.97625
1925.00000	-51.40086
1930.00000	-50.93143
1935.00000	-49.36296
1940.00000	-47.26607
1945.00000	-44.58531
1950.00000	-41.13216
1955.00000	-36.70697
1960.00000	-30.70529
1965.00000	-22.18924
1970.00000	-11.13374
1975.00000	-10.40562
1980.00000	-21.82822
1985.00000	-30.37038
1990.00000	-36.43361
1995.00000	-40.92901
2000.00000	-44.20624
2005.00000	-46.48691
2010.00000	-49.38071
2015.00000	-51.23547
2020.00000	-52.74712
2025.00000	-53.84923
2030.00000	-54.49041
2035.00000	-54.48079
2040.00000	-53.04931
2045.00000	-48.67005
2050.00000	-39.53978
2055.00000	-45.57644
2060.00000	-52.45609
2065.00000	-54.61363
2070.00000	-55.27772
2075.00000	-55.08004
2080.00000	-54.07239
2085.00000	-52.34918
2090.00000	-52.55650
2095.00000	-51.32865
2100.00000	-49.58872
2105.00000	-47.40068
2110.00000	-44.66970
2115.00000	-41.26299
2120.00000	-36.82525
2125.00000	-30.92194
2130.00000	-22.70407
2135.00000	-12.19221
2140.00000	-10.54556
2145.00000	-21.77094
2150.00000	-30.60236
2155.00000	-36.89167
2160.00000	-41.51465
2165.00000	-44.84090
2170.00000	-48.31783
2175.00000	-50.86749
2180.00000	-52.94779
2185.00000	-54.57177
2190.00000	-55.75115
2195.00000	-56.33039
2200.00000	-55.72181
2205.00000	-53.82424
2210.00000	-49.92139
2215.00000	-39.71054
2220.00000	-47.25558
2225.00000	-54.32477
2230.00000	-56.88954
2235.00000	-57.65966
2240.00000	-57.00067
2245.00000	-56.31739
2250.00000	-56.44479
2255.00000	-55.43438
2260.00000	-53.91922
2265.00000	-51.91151
2270.00000	-49.44469
2275.00000	-46.52696
2280.00000	-42.76244
2285.00000	-38.31068
2290.00000	-32.46806
2295.00000	-24.07395
2300.00000	-14.03809
2305.00000	-11.99514
2310.00000	-22.65244
2315.00000	-31.39803
2320.00000	-37.58340
2325.00000	-42.34165
2330.00000	-46.19502
2335.00000	-49.24246
2340.00000	-51.72398
2345.00000	-53.70158
2350.00000	-55.21583
2355.00000	-56.11633
2360.00000	-55.97333
2365.00000	-56.24594
2370.00000	-54.72653
2375.00000	-49.17019
2380.00000	-39.21434
2385.00000	-47.54650
2390.00000	-54.60997
2395.00000	-57.42703
2400.00000	-57.90177
2405.00000	-58.55318
2410.00000	-58.36618
2415.00000	-57.74462
2420.00000	-56.68883
2425.00000	-55.21564
2430.00000	-53.37184
2435.00000	-51.05479
2440.00000	-48.11051
2445.00000	-44.75177
2450.00000	-40.25957
2455.00000	-34.27941
2460.00000	-25.73011
2465.00000	-16.22830
2470.00000	-15.07511
2475.00000	-25.33482
2480.00000	-33.68775
2485.00000	-39.74805
2490.00000	-44.28854
2495.00000	-47.83052
2500.00000	-50.65924
2505.00000	-52.90792
2510.00000	-54.56934
2515.00000	-55.91329
2520.00000	-56.75059
2525.00000	-57.20079
2530.00000	-56.69912
2535.00000	-54.83226
2540.00000	-48.62541
2545.00000	-39.64666
2550.00000	-48.29569
2555.00000	-54.71346
2560.00000	-57.45102
2565.00000	-58.49610
2570.00000	-58.55361
2575.00000	-58.19971
2580.00000	-57.44617
2585.00000	-56.49845
2590.00000	-55.01094
2595.00000	-53.22605
2600.00000	-51.09497
2605.00000	-48.36582
2610.00000	-44.89127
2615.00000	-40.31897
2620.00000	-34.11883
2625.00000	-25.37788
2630.00000	-16.99015
2635.00000	-17.95531
2640.00000	-27.97388
2645.00000	-35.95668
2650.00000	-41.78136
2655.00000	-46.17261
2660.00000	-49.61928
2665.00000	-52.42170
2670.00000	-54.64549
2675.00000	-56.33719
2680.00000	-57.55754
2685.00000	-58.22309
2690.00000	-58.19696
2695.00000	-56.94972
2700.00000	-53.12438
2705.00000	-44.36125
2710.00000	-41.11378
2715.00000	-51.06124
2720.00000	-56.58300
2725.00000	-59.04076
2730.00000	-60.03925
2735.00000	-60.24449
2740.00000	-59.84341
2745.00000	-59.16888
2750.00000	-58.03527
2755.00000	-56.52369
2760.00000	-54.61387
2765.00000	-52.22597
2770.00000	-49.22714
2775.00000	-45.39655
2780.00000	-40.33562
2785.00000	-33.22582
2790.00000	-24.83569
2795.00000	-18.23262
2800.00000	-22.62265
2805.00000	-32.11948
2810.00000	-39.37804
2815.00000	-44.76643
2820.00000	-48.88460
2825.00000	-52.13519
2830.00000	-54.70240
2835.00000	-56.72435
2840.00000	-58.22718
2845.00000	-59.12307
2850.00000	-59.31860
2855.00000	-58.35898
2860.00000	-55.30326
2865.00000	-48.29326
2870.00000	-39.94728
2875.00000	-47.91742
2880.00000	-55.45257
2885.00000	-59.16948
2890.00000	-60.91719
2895.00000	-61.63993
2900.00000	-61.58944
2905.00000	-61.01635
2910.00000	-60.19684
2915.00000	-58.99837
2920.00000	-57.40264
2925.00000	-55.32397
2930.00000	-52.63699
2935.00000	-49.21081
2940.00000	-44.77816
2945.00000	-38.56468
2950.00000	-30.58504
2955.00000	-24.79566
2960.00000	-20.02260
2965.00000	-27.68667
2970.00000	-36.34454
2975.00000	-42.75669
2980.00000	-47.54943
2985.00000	-51.24487
2990.00000	-54.00179
2995.00000	-56.22249
3000.00000	-57.94834
3005.00000	-59.08506
3010.00000	-59.38379
3015.00000	-58.72258
3020.00000	-56.41008
3025.00000	-50.48486
3030.00000	-41.78318
3035.00000	-47.17602
3040.00000	-55.35147
3045.00000	-59.64225
3050.00000	-61.72724
3055.00000	-62.65264
3060.00000	-62.57613
3065.00000	-62.17417
3070.00000	-61.62168
3075.00000	-60.47673
3080.00000	-58.97938
3085.00000	-57.07616
3090.00000	-54.83509
3095.00000	-51.82087
3100.00000	-47.81900
3105.00000	-42.29337
3110.00000	-34.85240
3115.00000	-30.42785
3120.00000	-23.03598
3125.00000	-23.66736
3130.00000	-32.66733
3135.00000	-40.18512
3140.00000	-45.72135
3145.00000	-49.92609
3150.00000	-53.10536
3155.00000	-55.68231
3160.00000	-57.57166
3165.00000	-58.96085
3170.00000	-59.76816
3175.00000	-59.43485
3180.00000	-57.79625
3185.00000	-53.10263
3190.00000	-44.64958
3195.00000	-46.70404
3200.00000	-54.95899
3205.00000	-59.35797
3210.00000	-61.69430
3215.00000	-62.61194
3220.00000	-62.93091
3225.00000	-63.08387
3230.00000	-62.54822
3235.00000	-61.51475
3240.00000	-60.16151
3245.00000	-58.62046
3250.00000	-56.75653
3255.00000	-54.14285
3260.00000	-50.67497
3265.00000	-45.88257
3270.00000	-39.11658
3275.00000	-34.38359
3280.00000	-28.33889
3285.00000	-22.76979
3290.00000	-29.02386
3295.00000	-37.46924
3300.00000	-43.89580
3305.00000	-48.70881
3310.00000	-52.38080
3315.00000	-55.15497
3320.00000	-57.21793
3325.00000	-58.92025
3330.00000	-60.19087
3335.00000	-60.67689
3340.00000	-59.95259
3345.00000	-57.01720
3350.00000	-50.27081
3355.00000	-46.34834
3360.00000	-54.28076
3365.00000	-59.87397
3370.00000	-62.62024
3375.00000	-63.91367
3380.00000	-64.39762
3385.00000	-64.34258
3390.00000	-63.84038
3395.00000	-63.02650
3400.00000	-61.86972
3405.00000	-60.37293
3410.00000	-58.51420
3415.00000	-56.16666
3420.00000	-53.17253
3425.00000	-49.23378
3430.00000	-43.74494
3435.00000	-37.39145
3440.00000	-32.96933
3445.00000	-25.49931
3450.00000	-25.38115
3455.00000	-33.63864
3460.00000	-41.05195
3465.00000	-46.64639
3470.00000	-50.92459
3475.00000	-54.25728
3480.00000	-56.84948
3485.00000	-58.92673
3490.00000	-60.46513
3495.00000	-61.40260
3500.00000	-61.53374
3505.00000	-60.31899
3510.00000	-56.50334
3515.00000	-49.63389
3520.00000	-51.69220
3525.00000	-58.87191
3530.00000	-62.66289
3535.00000	-64.30738
3540.00000	-64.89509
3545.00000	-65.03042
3550.00000	-64.74456
3555.00000	-64.06895
3560.00000	-62.98553
3565.00000	-61.54105
3570.00000	-59.75838
3575.00000	-57.64475
3580.00000	-55.06353
3585.00000	-51.82561
3590.00000	-47.49542
3595.00000	-41.61964
3600.00000	-35.97372
3605.00000	-29.70540
3610.00000	-23.80254
3615.00000	-28.64261
3620.00000	-36.81944
3625.00000	-43.31200
3630.00000	-48.22759
3635.00000	-52.04066
3640.00000	-55.10258
3645.00000	-57.59615
3650.00000	-59.53205
3655.00000	-60.92507
3660.00000	-61.66899
3665.00000	-61.63489
3670.00000	-60.07148
3675.00000	-55.62634
3680.00000	-50.48332
3685.00000	-55.60906
3690.00000	-61.03760
3695.00000	-63.64854
3700.00000	-64.71781
3705.00000	-64.93137
3710.00000	-64.58401
3715.00000	-64.13256
3720.00000	-63.37565
3725.00000	-62.23467
3730.00000	-60.78538
3735.00000	-58.94623
3740.00000	-56.65928
3745.00000	-53.89275
3750.00000	-50.41128
3755.00000	-45.76524
3760.00000	-39.71207
3765.00000	-34.25196
3770.00000	-26.98127
3775.00000	-24.85460
3780.00000	-32.26978
3785.00000	-39.89309
3790.00000	-45.75934
3795.00000	-50.26999
3800.00000	-53.81705
3805.00000	-56.66087
3810.00000	-58.95850
3815.00000	-60.73704
3820.00000	-61.95600
3825.00000	-62.57630
3830.00000	-62.15034
3835.00000	-59.77400
3840.00000	-54.26814
3845.00000	-52.62438
3850.00000	-58.99194
3855.00000	-63.07923
3860.00000	-64.97332
3865.00000	-65.73356
3870.00000	-65.79069
3875.00000	-65.40995
3880.00000	-64.76975
3885.00000	-63.78940
3890.00000	-62.60081
3895.00000	-60.95080
3900.00000	-58.84001
3905.00000	-56.38657
3910.00000	-53.43308
3915.00000	-49.56787
3920.00000	-44.34576
3925.00000	-38.67726
3930.00000	-32.95361
3935.00000	-25.99981
3940.00000	-27.54513
3945.00000	-35.45394
3950.00000	-42.37116
3955.00000	-47.65293
3960.00000	-51.70579
3965.00000	-54.77773
3970.00000	-57.02778
3975.00000	-59.20067
3980.00000	-60.96336
3985.00000	-62.01612
3990.00000	-62.26705
3995.00000	-61.10810
4000.00000	-57.39137
4005.00000	-52.52352
4010.00000	-56.27221
4015.00000	-61.63306
4020.00000	-64.37179
4025.00000	-65.62926
4030.00000	-66.06170
4035.00000	-65.93149
4040.00000	-65.37459
4045.00000	-64.80242
4050.00000	-63.94867
4055.00000	-62.61379
4060.00000	-60.90499
4065.00000	-58.80700
4070.00000	-56.14907
4075.00000	-52.79616
4080.00000	-48.36056
4085.00000	-42.97920
4090.00000	-38.74310
4095.00000	-32.26141
4100.00000	-26.20672
4105.00000	-29.62373
4110.00000	-37.38936
4115.00000	-43.88036
4120.00000	-48.85127
4125.00000	-52.77445
4130.00000	-55.84820
4135.00000	-58.23394
4140.00000	-60.11047
4145.00000	-61.36830
4150.00000	-61.90248
4155.00000	-61.34537
4160.00000	-58.58466
4165.00000	-53.81732
4170.00000	-55.52086
4175.00000	-60.79559
4180.00000	-63.84056
4185.00000	-65.34200
4190.00000	-65.97145
4195.00000	-66.09691
4200.00000	-65.84501
4205.00000	-65.16680
4210.00000	-64.39415
4215.00000	-63.23216
4220.00000	-61.77983
4225.00000	-59.94438
4230.00000	-57.64231
4235.00000	-54.66676
4240.00000	-50.67037
4245.00000	-45.84795
4250.00000	-42.88213
4255.00000	-38.35243
4260.00000	-31.26465
4265.00000	-26.26224
4270.00000	-30.77897
4275.00000	-38.37835
4280.00000	-44.63987
4285.00000	-49.48121
4290.00000	-53.28175
4295.00000	-56.27551
4300.00000	-58.59856
4305.00000	-60.27345
4310.00000	-61.12456
4315.00000	-60.70995
4320.00000	-58.11549
4325.00000	-54.11293
4330.00000	-56.47766
4335.00000	-61.46971
4340.00000	-64.46229
4345.00000	-66.01779
4350.00000	-66.71390
4355.00000	-66.92365
4360.00000	-66.84054
4365.00000	-66.52132
4370.00000	-65.82871
4375.00000	-64.84393
4380.00000	-63.52560
4385.00000	-61.73849
4390.00000	-59.56821
4395.00000	-56.70463
4400.00000	-52.73374
4405.00000	-48.65641
4410.00000	-47.25473
4415.00000	-44.11531
4420.00000	-38.43313
4425.00000	-31.16871
4430.00000	-26.66394
4435.00000	-31.15564
4440.00000	-38.33020
4445.00000	-44.25997
4450.00000	-48.83955
4455.00000	-52.37948
4460.00000	-55.05623
4465.00000	-57.09254
4470.00000	-58.29835
4475.00000	-58.06828
4480.00000	-56.13312
4485.00000	-54.45583
4490.00000	-58.11026
4495.00000	-61.58916
4500.00000	-63.65129
4505.00000	-64.85674
4510.00000	-65.63224
4515.00000	-65.85878
4520.00000	-65.88282
4525.00000	-65.13593
4530.00000	-64.92551
4535.00000	-64.14808
4540.00000	-63.05062
4545.00000	-61.72956
4550.00000	-59.79335
4555.00000	-57.03406
4560.00000	-53.27035
4565.00000	-50.96572
4570.00000	-50.39938
4575.00000	-47.78972
4580.00000	-43.37852
4585.00000	-37.35887
4590.00000	-30.08919
4595.00000	-25.83832
4600.00000	-30.51584
4605.00000	-37.70701
4610.00000	-43.65976
4615.00000	-48.25694
4620.00000	-51.84486
4625.00000	-54.51902
4630.00000	-56.28555
4635.00000	-56.72561
4640.00000	-55.51867
4645.00000	-56.50769
4650.00000	-59.95910
4655.00000	-62.44264
4660.00000	-63.89809
4665.00000	-64.86532
4670.00000	-65.41914
4675.00000	-65.71074
4680.00000	-65.84141
4685.00000	-64.64064
4690.00000	-65.27754
4695.00000	-64.53532
4700.00000	-63.68206
4705.00000	-62.37921
4710.00000	-60.41955
4715.00000	-57.99248
4720.00000	-54.42993
4725.00000	-54.28610
4730.00000	-53.56754
4735.00000	-51.22551
4740.00000	-47.67891
4745.00000	-42.87670
4750.00000	-36.92875
4755.00000	-29.86128
4760.00000	-26.29215
4765.00000	-31.26461
4770.00000	-38.37162
4775.00000	-44.28215
4780.00000	-48.37299
4785.00000	-52.43377
4790.00000	-54.96882
4795.00000	-56.22106
4800.00000	-56.63581
4805.00000	-58.99773
4810.00000	-61.75097
4815.00000	-63.59321
4820.00000	-65.02555
4825.00000	-65.94906
4830.00000	-66.61220
4835.00000	-67.01629
4840.00000	-67.16511
4845.00000	-67.16050
4850.00000	-66.86689
4855.00000	-66.40629
4860.00000	-65.62785
4865.00000	-64.54064
4870.00000	-62.89790
4875.00000	-60.51045
4880.00000	-58.73838
4885.00000	-58.24670
4890.00000	-57.01823
4895.00000	-54.76909
4900.00000	-51.68782
4905.00000	-47.78412
4910.00000	-42.83243
4915.00000	-36.61396
4920.00000	-29.67351
4925.00000	-26.86930
4930.00000	-32.02948
4935.00000	-38.82385
4940.00000	-44.44005
4945.00000	-48.81308
4950.00000	-52.15793
4955.00000	-54.46326
4960.00000	-56.35615
4965.00000	-58.85464
4970.00000	-60.92031
4975.00000	-62.52636
4980.00000	-63.76370
4985.00000	-64.67467
4990.00000	-65.43730
4995.00000	-65.89795
5000.00000	-66.24985
5005.00000	-66.29024
5010.00000	-66.25429
5015.00000	-65.95091
5020.00000	-65.43882
5025.00000	-64.59863
5030.00000	-63.26134
5035.00000	-61.55804
5040.00000	-60.77141
5045.00000	-59.92613
5050.00000	-58.36366
5055.00000	-56.28276
5060.00000	-53.97320
5065.00000	-51.22304
5070.00000	-47.33957
5075.00000	-42.29906
5080.00000	-36.02828
5085.00000	-29.31037
5090.00000	-27.22095
5095.00000	-32.56640
5100.00000	-39.19006
5105.00000	-44.63173
5110.00000	-48.79458
5115.00000	-52.30042
5120.00000	-55.29580
5125.00000	-57.77620
5130.00000	-59.74900
5135.00000	-61.41525
5140.00000	-62.72682
5145.00000	-63.76263
5150.00000	-64.46149
5155.00000	-64.65964
5160.00000	-63.94384
5165.00000	-64.58625
5170.00000	-65.49399
5175.00000	-65.67080
5180.00000	-65.51240
5185.00000	-65.02112
5190.00000	-64.31945
5195.00000	-63.21058
5200.00000	-61.62468
5205.00000	-60.12058
5210.00000	-59.30683
5215.00000	-57.75731
5220.00000	-55.56902
5225.00000	-52.79126
5230.00000	-49.39441
5235.00000	-45.16456
5240.00000	-39.89022
5245.00000	-33.47807
5250.00000	-27.69414
5255.00000	-28.20096
5260.00000	-34.32634
5265.00000	-40.38743
5270.00000	-45.56493
5275.00000	-49.11647
5280.00000	-52.74901
5285.00000	-55.03707
5290.00000	-57.88551
5295.00000	-59.76074
5300.00000	-61.30572
5305.00000	-62.51453
5310.00000	-63.52371
5315.00000	-64.17863
5320.00000	-64.77001
5325.00000	-65.04583
5330.00000	-65.35867
5335.00000	-65.36775
5340.00000	-65.17504
5345.00000	-64.73655
5350.00000	-63.92014
5355.00000	-63.29075
5360.00000	-62.57978
5365.00000	-61.53243
5370.00000	-60.08619
5375.00000	-58.38819
5380.00000	-56.26317
5385.00000	-53.76952
5390.00000	-50.68728
5395.00000	-46.99096
5400.00000	-42.37659
5405.00000	-36.67860
5410.00000	-30.23403
5415.00000	-26.48660
5420.00000	-29.91493
5425.00000	-36.27983
5430.00000	-41.93941
5435.00000	-46.57639
5440.00000	-50.24301
5445.00000	-53.31695
5450.00000	-55.74386
5455.00000	-57.85921
5460.00000	-59.52827
5465.00000	-60.98739
5470.00000	-62.09592
5475.00000	-63.04983
5480.00000	-63.71459
5485.00000	-64.24711
5490.00000	-64.53364
5495.00000	-64.67450
5500.00000	-64.58601
5505.00000	-64.36240
5510.00000	-63.93241
5515.00000	-63.31050
5520.00000	-62.46962
5525.00000	-61.40573
5530.00000	-60.10626
5535.00000	-58.51567
5540.00000	-56.61202
5545.00000	-54.26803
5550.00000	-51.56367
5555.00000	-48.17438
5560.00000	-44.03014
5565.00000	-38.87940
5570.00000	-32.80252
5575.00000	-27.36394
5580.00000	-27.72933
5585.00000	-33.35313
5590.00000	-39.42043
5595.00000	-44.11417
5600.00000	-48.44951
5605.00000	-50.61939
5610.00000	-54.43554
5615.00000	-55.15539
5620.00000	-58.59511
5625.00000	-60.18532
5630.00000	-61.34225
5635.00000	-59.59342
5640.00000	-62.78910
5645.00000	-60.23674
5650.00000	-63.78489
5655.00000	-61.89503
5660.00000	-63.98798
5665.00000	-63.06457
5670.00000	-63.61991
5675.00000	-62.78676
5680.00000	-62.43076
5685.00000	-61.37933
5690.00000	-60.30226
5695.00000	-58.79939
5700.00000	-57.04585
5705.00000	-54.87377
5710.00000	-52.27638
5715.00000	-49.10617
5720.00000	-45.22648
5725.00000	-40.44745
5730.00000	-34.68769
5735.00000	-28.85799
5740.00000	-27.13193
5745.00000	-31.63083
5750.00000	-37.65606
5755.00000	-42.91156
5760.00000	-47.19472
5765.00000	-50.68282
5770.00000	-53.54474
5775.00000	-55.91443
5780.00000	-57.83636
5785.00000	-59.52246
5790.00000	-60.79660
5795.00000	-61.86411
5800.00000	-62.36681
5805.00000	-62.86704
5810.00000	-63.22844
5815.00000	-63.90612
5820.00000	-63.82072
5825.00000	-63.71749
5830.00000	-63.30265
5835.00000	-62.96311
5840.00000	-62.28092
5845.00000	-61.61115
5850.00000	-60.53909
5855.00000	-59.14857
5860.00000	-57.40550
5865.00000	-55.34106
5870.00000	-52.85949
5875.00000	-49.84941
5880.00000	-46.15415
5885.00000	-41.61933
5890.00000	-36.11216
5895.00000	-30.24100
5900.00000	-27.26554
5905.00000	-30.58924
5910.00000	-36.44653
5915.00000	-41.78677
5920.00000	-46.16393
5925.00000	-49.67383
5930.00000	-52.57360
5935.00000	-55.08214
5940.00000	-57.16884
5945.00000	-58.82071
5950.00000	-60.14540
5955.00000	-61.18695
5960.00000	-62.06625
5965.00000	-62.81177
5970.00000	-63.14650
5975.00000	-62.94054
5980.00000	-62.57584
5985.00000	-62.68435
5990.00000	-62.72983
5995.00000	-62.38809
6000.00000	-61.88419
6005.00000	-61.12436
6010.00000	-60.06474
6015.00000	-58.64653
6020.00000	-56.90978
6025.00000	-55.02576
6030.00000	-52.95546
6035.00000	-50.36084
6040.00000	-46.98215
6045.00000	-42.73551
6050.00000	-37.55002
6055.00000	-31.85912
6060.00000	-28.38617
6065.00000	-30.84428
6070.00000	-36.52017
6075.00000	-41.98398
6080.00000	-46.55529
6085.00000	-50.27044
6090.00000	-53.31459
6095.00000	-55.78756
6100.00000	-57.85735
6105.00000	-59.71848
6110.00000	-61.08416
6115.00000	-61.83147
6120.00000	-61.99538
6125.00000	-62.16567
6130.00000	-63.05802
6135.00000	-63.82598
6140.00000	-64.29906
6145.00000	-64.34534
6150.00000	-63.89762
6155.00000	-63.10945
6160.00000	-62.41185
6165.00000	-61.50698
6170.00000	-60.53548
6175.00000	-59.84614
6180.00000	-58.78804
6185.00000	-57.05874
6190.00000	-54.78905
6195.00000	-51.96434
6200.00000	-48.56717
6205.00000	-44.43254
6210.00000	-39.43545
6215.00000	-33.77033
6220.00000	-29.60413
6225.00000	-30.93320
6230.00000	-36.17723
6235.00000	-41.59554
6240.00000	-46.13083
6245.00000	-49.82917
6250.00000	-52.86007
6255.00000	-55.38302
6260.00000	-57.30927
6265.00000	-58.60065
6270.00000	-59.38219
6275.00000	-59.98910
6280.00000	-61.04694
6285.00000	-62.19757
6290.00000	-63.12465
6295.00000	-63.68216
6300.00000	-63.47592
6305.00000	-63.73455
6310.00000	-63.31322
6315.00000	-62.79042
6320.00000	-61.99182
6325.00000	-61.27682
6330.00000	-60.91617
6335.00000	-57.86558
6340.00000	-59.32044
6345.00000	-57.64934
6350.00000	-55.64486
6355.00000	-53.07968
6360.00000	-49.85714
6365.00000	-45.99804
6370.00000	-40.22842
6375.00000	-35.69375
6380.00000	-30.98905
6385.00000	-31.06038
6390.00000	-35.76181
6395.00000	-41.02299
6400.00000	-45.80351
6405.00000	-48.93698
6410.00000	-52.57428
6415.00000	-54.91789
6420.00000	-56.61192
6425.00000	-57.87946
6430.00000	-58.87144
6435.00000	-59.95066
6440.00000	-57.47224
6445.00000	-62.01175
6450.00000	-62.17669
6455.00000	-63.17035
6460.00000	-63.27433
6465.00000	-62.04822
6470.00000	-62.70378
6475.00000	-58.01387
6480.00000	-61.20442
6485.00000	-60.61072
6490.00000	-60.68117
6495.00000	-60.48682
6500.00000	-59.71831
6505.00000	-58.74183
6510.00000	-56.02828
6515.00000	-54.81558
6520.00000	-51.91396
6525.00000	-48.37193
6530.00000	-43.98284
6535.00000	-38.77001
6540.00000	-33.63037
6545.00000	-31.78080
6550.00000	-35.29632
6555.00000	-40.64214
6560.00000	-45.44610
6565.00000	-49.33968
6570.00000	-52.35239
6575.00000	-55.10279
6580.00000	-57.24232
6585.00000	-59.01750
6590.00000	-60.37722
6595.00000	-61.22243
6600.00000	-62.25743
6605.00000	-62.45263
6610.00000	-63.35004
6615.00000	-63.57489
6620.00000	-63.37148
6625.00000	-63.28108
6630.00000	-62.71797
6635.00000	-62.04444
6640.00000	-61.26038
6645.00000	-61.19674
6650.00000	-61.32167
6655.00000	-61.18079
6660.00000	-60.67972
6665.00000	-59.74721
6670.00000	-58.25636
6675.00000	-56.37263
6680.00000	-54.02321
6685.00000	-50.92887
6690.00000	-47.07830
6695.00000	-42.33144
6700.00000	-37.08899
6705.00000	-33.34819
6710.00000	-34.64150
6715.00000	-39.59391
6720.00000	-44.75313
6725.00000	-49.19329
6730.00000	-52.81487
6735.00000	-55.77069
6740.00000	-58.24508
6745.00000	-60.05640
6750.00000	-61.98505
6755.00000	-63.36180
6760.00000	-64.40495
6765.00000	-65.38686
6770.00000	-65.91924
6775.00000	-66.48453
6780.00000	-66.53396
6785.00000	-66.54788
6790.00000	-66.89214
6795.00000	-66.67912
6800.00000	-66.47250
6805.00000	-66.03683
6810.00000	-63.83413
6815.00000	-64.59782
6820.00000	-63.73977
6825.00000	-62.57380
6830.00000	-61.16722
6835.00000	-54.23719
6840.00000	-57.06165
6845.00000	-54.21248
6850.00000	-50.66416
6855.00000	-46.47304
6860.00000	-39.74755
6865.00000	-36.43201
6870.00000	-34.68618
6875.00000	-38.01696
6880.00000	-43.27909
6885.00000	-46.43634
6890.00000	-51.98256
6895.00000	-55.12642
6900.00000	-57.22822
6905.00000	-60.15372
6910.00000	-61.29917
6915.00000	-63.57478
6920.00000	-64.79111
6925.00000	-65.85956
6930.00000	-66.58667
6935.00000	-60.56115
6940.00000	-67.40325
6945.00000	-67.04804
6950.00000	-66.41965
6955.00000	-67.25547
6960.00000	-60.88643
6965.00000	-66.81843
6970.00000	-66.48308
6975.00000	-64.53867
6980.00000	-65.56128
6985.00000	-62.54287
6990.00000	-63.17138
6995.00000	-61.54878
7000.00000	-59.21161
7005.00000	-57.09337
7010.00000	-53.86696
7015.00000	-50.39682
7020.00000	-45.95391
7025.00000	-40.91940
7030.00000	-36.92716
7035.00000	-37.12100
7040.00000	-41.49995
7045.00000	-46.74378
7050.00000	-51.25592
7055.00000	-55.28706
7060.00000	-58.45559
7065.00000	-61.11788
7070.00000	-63.29374
7075.00000	-63.79670
7080.00000	-66.63408
7085.00000	-68.01538
7090.00000	-69.25795
7095.00000	-70.26253
7100.00000	-68.66971
7105.00000	-71.24922
7110.00000	-71.38416
7115.00000	-71.31362
7120.00000	-71.17247
7125.00000	-70.08507
7130.00000	-70.12744
7135.00000	-69.27174
7140.00000	-68.21475
7145.00000	-67.01866
7150.00000	-65.45716
7155.00000	-64.15158
7160.00000	-62.45975
7165.00000	-60.32496
7170.00000	-57.67130
7175.00000	-54.33105
7180.00000	-50.34376
7185.00000	-45.56840
7190.00000	-40.51981
7195.00000	-37.49145
7200.00000	-39.23567
7205.00000	-44.00038
7210.00000	-48.83302
7215.00000	-52.95848
7220.00000	-56.38116
7225.00000	-59.18909
7230.00000	-61.56531
7235.00000	-63.45405
7240.00000	-64.95007
7245.00000	-66.15195
7250.00000	-66.93152
7255.00000	-67.55780
7260.00000	-67.83967
7265.00000	-67.89195
7270.00000	-68.17922
7275.00000	-68.59376
7280.00000	-69.26362
7285.00000	-69.82381
7290.00000	-69.97247
7295.00000	-70.13463
7300.00000	-69.72293
7305.00000	-68.90253
7310.00000	-67.69281
7315.00000	-65.99172
7320.00000	-64.46503
7325.00000	-62.32426
7330.00000	-59.85900
7335.00000	-56.95862
7340.00000	-53.44463
7345.00000	-49.39552
7350.00000	-44.61790
7355.00000	-40.23938
7360.00000	-38.95800
7365.00000	-41.95924
7370.00000	-46.82355
7375.00000	-51.52765
7380.00000	-55.56928
7385.00000	-58.96219
7390.00000	-61.67233
7395.00000	-64.05049
7400.00000	-66.00126
7405.00000	-67.49629
7410.00000	-68.19924
7415.00000	-68.40134
7420.00000	-68.66985
7425.00000	-68.89503
7430.00000	-69.58662
7435.00000	-70.07319
7440.00000	-70.19607
7445.00000	-70.23511
7450.00000	-70.17962
7455.00000	-69.85078
7460.00000	-69.35933
7465.00000	-68.55858
7470.00000	-67.39947
7475.00000	-65.96641
7480.00000	-64.51854
7485.00000	-62.96285
7490.00000	-61.17623
7495.00000	-59.15523
7500.00000	-56.47005
7505.00000	-53.02793
7510.00000	-48.72030
7515.00000	-43.89397
7520.00000	-40.11261
7525.00000	-40.24079
7530.00000	-44.12551
7535.00000	-48.87934
7540.00000	-53.09880
7545.00000	-56.75676
7550.00000	-59.84703
7555.00000	-62.29648
7560.00000	-64.46658
7565.00000	-66.24340
7570.00000	-67.78810
7575.00000	-69.02737
7580.00000	-70.04693
7585.00000	-70.67845
7590.00000	-71.10758
7595.00000	-71.28619
7600.00000	-71.21668
7605.00000	-71.54394
7610.00000	-71.79740
7615.00000	-71.69978
7620.00000	-71.66419
7625.00000	-71.07359
7630.00000	-70.10071
7635.00000	-69.24034
7640.00000	-67.90850
7645.00000	-65.94850
7650.00000	-64.27200
7655.00000	-61.94264
7660.00000	-58.87569
7665.00000	-55.71849
7670.00000	-51.68042
7675.00000	-47.00522
7680.00000	-42.51513
7685.00000	-40.19600
7690.00000	-42.18395
7695.00000	-46.77283
7700.00000	-51.47603
7705.00000	-55.47014
7710.00000	-59.01370
7715.00000	-61.87581
7720.00000	-64.10013
7725.00000	-66.27058
7730.00000	-67.90193
7735.00000	-68.91280
7740.00000	-70.14427
7745.00000	-70.53833
7750.00000	-70.32885
7755.00000	-70.88592
7760.00000	-71.33839
7765.00000	-71.34524
7770.00000	-71.71568
7775.00000	-71.48190
7780.00000	-70.71398
7785.00000	-70.15949
7790.00000	-69.00186
7795.00000	-67.34589
7800.00000	-65.76351
7805.00000	-64.05672
7810.00000	-62.85318
7815.00000	-61.53931
7820.00000	-59.53046
7825.00000	-56.91638
7830.00000	-53.70186
7835.00000	-49.66899
7840.00000	-45.11641
7845.00000	-41.44058
7850.00000	-41.07368
7855.00000	-44.29611
7860.00000	-48.56465
7865.00000	-52.22975
7870.00000	-55.00004
7875.00000	-57.40324
7880.00000	-59.74747
7885.00000	-61.74266
7890.00000	-63.48443
7895.00000	-65.00062
7900.00000	-66.18931
7905.00000	-67.07672
7910.00000	-67.54512
7915.00000	-67.64322
7920.00000	-67.42536
7925.00000	-66.72145
7930.00000	-65.67692
7935.00000	-64.70317
7940.00000	-64.17844
7945.00000	-64.50457
7950.00000	-65.45513
7955.00000	-66.14342
7960.00000	-66.22147
7965.00000	-65.71532
7970.00000	-64.57466
7975.00000	-63.04138
7980.00000	-61.06266
7985.00000	-58.45855
7990.00000	-55.29271
7995.00000	-51.51539
8000.00000	-47.17695
8005.00000	-43.02240
8010.00000	-41.10879
8015.00000	-43.07445
8020.00000	-47.33721
8025.00000	-51.88758
8030.00000	-55.86703
8035.00000	-59.19127
8040.00000	-62.01832
8045.00000	-64.29419
8050.00000	-66.13084
8055.00000	-67.80798
8060.00000	-68.85073
8065.00000	-69.46278
8070.00000	-70.22160
8075.00000	-69.91198
8080.00000	-69.59390
8085.00000	-70.66969
8090.00000	-71.13808
8095.00000	-71.54129
8100.00000	-72.52918
8105.00000	-70.74563
8110.00000	-70.02967
8115.00000	-70.45757
8120.00000	-66.94630
8125.00000	-66.41036
8130.00000	-66.15597
8135.00000	-61.82763
8140.00000	-60.63917
8145.00000	-59.63139
8150.00000	-56.06624
8155.00000	-52.66177
8160.00000	-48.93686
8165.00000	-44.68514
8170.00000	-42.04893
8175.00000	-42.95713
8180.00000	-46.67812
8185.00000	-51.03565
8190.00000	-55.02045
8195.00000	-57.86892
8200.00000	-61.02315
8205.00000	-63.32075
8210.00000	-58.88557
8215.00000	-65.68079
8220.00000	-67.30885
8225.00000	-60.79711
8230.00000	-67.61811
8235.00000	-69.81385
8240.00000	-64.23175
8245.00000	-70.41138
8250.00000	-71.59994
8255.00000	-65.85291
8260.00000	-71.31955
8265.00000	-71.15590
8270.00000	-66.47416
8275.00000	-69.91358
8280.00000	-68.78932
8285.00000	-65.01412
8290.00000	-66.33089
8295.00000	-64.66862
8300.00000	-61.44289
8305.00000	-60.24244
8310.00000	-57.30410
8315.00000	-53.37490
8320.00000	-49.67074
8325.00000	-45.47865
8330.00000	-42.48330
8335.00000	-43.04374
8340.00000	-46.44492
8345.00000	-50.50712
8350.00000	-54.70706
8355.00000	-58.13807
8360.00000	-60.66554
8365.00000	-63.41533
8370.00000	-65.52302
8375.00000	-66.68703
8380.00000	-68.58818
8385.00000	-69.95195
8390.00000	-70.26458
8395.00000	-71.07352
8400.00000	-72.14109
8405.00000	-71.85778
8410.00000	-71.13571
8415.00000	-72.48738
8420.00000	-71.60683
8425.00000	-71.21637
8430.00000	-71.01017
8435.00000	-69.87510
8440.00000	-69.35276
8445.00000	-68.21605
8450.00000	-66.45761
8455.00000	-65.06950
8460.00000	-62.83454
8465.00000	-60.12954
8470.00000	-57.33666
8475.00000	-53.51568
8480.00000	-49.56346
8485.00000	-45.61377
8490.00000	-42.90405
8495.00000	-43.32872
8500.00000	-46.66196
8505.00000	-50.73415
8510.00000	-54.27630
8515.00000	-57.90091
8520.00000	-60.68610
8525.00000	-62.26710
8530.00000	-65.09725
8535.00000	-66.79702
8540.00000	-66.86256
8545.00000	-69.32915
8550.00000	-70.22419
8555.00000	-70.00023
8560.00000	-71.15593
8565.00000	-71.34984
8570.00000	-70.66940
8575.00000	-71.15701
8580.00000	-71.29515
8585.00000	-70.31945
8590.00000	-69.03647
8595.00000	-69.67113
8600.00000	-68.23262
8605.00000	-67.42856
8610.00000	-66.08534
8615.00000	-63.98219
8620.00000	-62.12873
8625.00000	-59.53922
8630.00000	-56.38317
8635.00000	-52.99013
8640.00000	-49.02899
8645.00000	-45.29879
8650.00000	-43.26969
8655.00000	-44.24705
8660.00000	-47.74703
8665.00000	-51.85119
8670.00000	-55.57994
8675.00000	-58.77712
8680.00000	-61.68955
8685.00000	-63.94357
8690.00000	-65.60802
8695.00000	-67.31002
8700.00000	-68.34485
8705.00000	-68.37643
8710.00000	-69.90663
8715.00000	-70.59529
8720.00000	-69.43164
8725.00000	-71.72877
8730.00000	-71.83784
8735.00000	-71.50693
8740.00000	-71.60440
8745.00000	-71.21886
8750.00000	-70.54018
8755.00000	-69.43580
8760.00000	-68.50659
8765.00000	-67.09129
8770.00000	-62.27558
8775.00000	-63.39430
8780.00000	-61.31223
8785.00000	-58.61885
8790.00000	-55.85594
8795.00000	-52.39661
8800.00000	-48.54788
8805.00000	-45.20920
8810.00000	-44.08686
8815.00000	-45.92254
8820.00000	-48.96778
8825.00000	-53.27691
8830.00000	-56.66542
8835.00000	-58.60528
8840.00000	-61.65965
8845.00000	-63.50888
8850.00000	-64.65751
8855.00000	-66.01602
8860.00000	-67.50134
8865.00000	-68.24758
8870.00000	-66.14768
8875.00000	-70.27194
8880.00000	-70.60414
8885.00000	-59.81014
8890.00000	-70.94289
8895.00000	-70.53413
8900.00000	-67.96922
8905.00000	-68.58640
8910.00000	-68.06221
8915.00000	-66.26025
8920.00000	-62.78232
8925.00000	-64.62507
8930.00000	-63.02671
8935.00000	-49.91695
8940.00000	-59.51616
8945.00000	-57.21568
8950.00000	-49.54806
8955.00000	-50.60826
8960.00000	-47.66083
8965.00000	-45.00158
8970.00000	-44.94414
8975.00000	-48.15741
8980.00000	-51.81229
8985.00000	-53.74987
8990.00000	-58.46578
8995.00000	-61.04858
9000.00000	-63.13751
9005.00000	-65.22671
9010.00000	-66.91113
9015.00000	-63.38344
9020.00000	-69.43153
9025.00000	-69.89592
9030.00000	-65.12129
9035.00000	-67.00781
9040.00000	-69.95989
9045.00000	-67.17647
9050.00000	-55.85930
9055.00000	-68.84985
9060.00000	-68.71109
9065.00000	-51.34598
9070.00000	-68.17559
9075.00000	-68.46894
9080.00000	-63.97961
9085.00000	-66.01561
9090.00000	-65.59624
9095.00000	-63.35888
9100.00000	-60.46834
9105.00000	-58.65579
9110.00000	-55.24114
9115.00000	-48.84863
9120.00000	-48.30908
9125.00000	-46.75040
9130.00000	-47.47405
9135.00000	-51.07966
9140.00000	-54.77956
9145.00000	-58.10671
9150.00000	-61.10889
9155.00000	-63.90604
9160.00000	-66.08375
9165.00000	-66.07484
9170.00000	-69.60636
9175.00000	-70.91206
9180.00000	-67.68780
9185.00000	-72.74311
9190.00000	-73.39939
9195.00000	-73.17928
9200.00000	-73.76958
9205.00000	-74.02886
9210.00000	-73.85482
9215.00000	-72.56572
9220.00000	-73.35791
9225.00000	-72.69313
9230.00000	-66.04940
9235.00000	-70.89733
9240.00000	-69.61863
9245.00000	-67.68309
9250.00000	-66.01485
9255.00000	-63.87360
9260.00000	-61.31968
9265.00000	-58.33094
9270.00000	-55.10554
9275.00000	-51.70538
9280.00000	-48.96933
9285.00000	-48.95272
9290.00000	-51.20804
9295.00000	-54.51273
9300.00000	-58.29780
9305.00000	-61.55977
9310.00000	-64.22738
9315.00000	-66.57936
9320.00000	-68.62466
9325.00000	-70.28204
9330.00000	-71.45431
9335.00000	-72.66326
9340.00000	-73.62366
9345.00000	-72.11293
9350.00000	-75.14294
9355.00000	-75.97154
9360.00000	-75.42495
9365.00000	-76.82307
9370.00000	-76.24683	
9375.00000	-76.08129
9380.00000	-75.40382
9385.00000	-74.75273
9390.00000	-73.77489
9395.00000	-72.37951
9400.00000	-71.45079
9405.00000	-69.35584
9410.00000	-66.51162
9415.00000	-65.52980
9420.00000	-62.81675
9425.00000	-59.51786
9430.00000	-55.99526
9435.00000	-52.83746
9440.00000	-50.94701
9445.00000	-51.74441
9450.00000	-54.57987
9455.00000	-58.16620
9460.00000	-61.26637
9465.00000	-64.46675
9470.00000	-67.28876
9475.00000	-68.79745
9480.00000	-71.08568
9485.00000	-72.65243
9490.00000	-72.64402
9495.00000	-75.06203
9500.00000	-74.35027
9505.00000	-77.16619
9510.00000	-76.89000
9515.00000	-78.16108
9520.00000	-78.50397
9525.00000	-73.97046
9530.00000	-78.32648
9535.00000	-77.88243
9540.00000	-76.74088
9545.00000	-76.59100
9550.00000	-75.64374
9555.00000	-74.53012
9560.00000	-71.99037
9565.00000	-71.50762
9570.00000	-69.37412
9575.00000	-66.60301
9580.00000	-64.04716
9585.00000	-60.84880
9590.00000	-57.15498
9595.00000	-54.94164
9600.00000	-54.21528
9605.00000	-55.72645
9610.00000	-59.01044
9615.00000	-62.53386
9620.00000	-65.72527
9625.00000	-68.67786
9630.00000	-71.40121
9635.00000	-73.72347
9640.00000	-75.42424
9645.00000	-77.53250
9650.00000	-78.86545
9655.00000	-78.21030
9660.00000	-81.02532
9665.00000	-81.75063
9670.00000	-80.22131
9675.00000	-82.48469
9680.00000	-82.53805
9685.00000	-82.12664
9690.00000	-82.06593
9695.00000	-81.90981
9700.00000	-81.14849
9705.00000	-80.06211
9710.00000	-79.27288
9715.00000	-77.90414
9720.00000	-75.51539
9725.00000	-74.55145
9730.00000	-72.36218
9735.00000	-69.39065
9740.00000	-66.48195
9745.00000	-63.06644
9750.00000	-59.93870
9755.00000	-58.18146
9760.00000	-58.47394
9765.00000	-60.52635
9770.00000	-63.53305
9775.00000	-66.92733
9780.00000	-70.09661
9785.00000	-72.36872
9790.00000	-75.31776
9795.00000	-77.42748
9800.00000	-78.59437
9805.00000	-80.59924
9810.00000	-81.81269
9815.00000	-82.58821
9820.00000	-83.50468
9825.00000	-84.37612
9830.00000	-84.45399
9835.00000	-84.39294
9840.00000	-84.98863
9845.00000	-84.83578
9850.00000	-83.69308
9855.00000	-84.12887
9860.00000	-83.54971
9865.00000	-81.60218
9870.00000	-81.59078
9875.00000	-80.18699
9880.00000	-77.24085
9885.00000	-76.45481
9890.00000	-74.21330
9895.00000	-71.70965
9900.00000	-69.06376
9905.00000	-66.01220
9910.00000	-63.03222
9915.00000	-61.58977
9920.00000	-62.58814
9925.00000	-65.52914
9930.00000	-69.11290
9935.00000	-72.73377
9940.00000	-75.88109
9945.00000	-78.11123
9950.00000	-80.88757
9955.00000	-82.91729
9960.00000	-84.06936
9965.00000	-85.68300
9970.00000	-87.25581
9975.00000	-87.87929
9980.00000	-89.01863
9985.00000	-89.66283
9990.00000	-89.70193
9995.00000	-90.15376
10000.00000	-90.20503